        0	2022-08-01 09:34:13	1	201	1	0
        8	2022-08-01 09:34:14	1	255	1	0
        8	2022-08-01 09:34:15	1	255	1	0
       72	2022-08-01 09:40:39	1	255	1	0
       57	2022-08-01 12:43:08	1	255	1	0
        5	2022-08-01 13:21:59	1	255	1	0
       23	2022-08-01 13:44:22	1	255	1	0
       72	2022-08-01 14:19:32	1	255	1	0
       40	2022-08-01 14:42:55	1	255	1	0
       23	2022-08-01 15:32:39	1	255	1	0
       57	2022-08-01 19:15:23	1	255	1	0
       80	2022-08-01 19:32:20	1	255	1	0
       83	2022-08-01 19:37:17	1	255	1	0
       47	2022-08-01 19:44:37	1	255	1	0
       76	2022-08-01 19:45:01	1	255	1	0
       82	2022-08-01 19:49:32	1	255	1	0
       40	2022-08-01 19:51:50	1	255	1	0
       84	2022-08-01 20:16:30	1	255	1	0
       81	2022-08-01 20:28:47	1	255	1	0
       11	2022-08-01 20:50:00	1	255	1	0
       67	2022-08-01 21:43:13	1	255	1	0
       54	2022-08-01 21:46:29	1	255	1	0
       24	2022-08-01 21:46:55	1	255	1	0
       76	2022-08-01 21:50:44	1	255	1	0
       38	2022-08-01 21:53:35	1	255	1	0
       45	2022-08-01 22:18:27	1	255	1	0
       84	2022-08-01 22:23:30	1	255	1	0
       78	2022-08-02 00:08:21	1	255	1	0
       54	2022-08-02 00:15:55	1	255	1	0
       84	2022-08-02 01:14:43	1	255	1	0
       47	2022-08-02 01:15:40	1	255	1	0
       78	2022-08-02 02:12:01	1	255	1	0
       45	2022-08-02 02:32:01	1	255	1	0
       76	2022-08-02 02:47:24	1	255	1	0
       11	2022-08-02 03:27:20	1	255	1	0
       38	2022-08-02 03:32:14	1	255	1	0
       84	2022-08-02 03:34:12	1	255	1	0
       54	2022-08-02 03:35:43	1	255	1	0
       54	2022-08-02 05:16:25	1	255	1	0
       82	2022-08-02 05:37:54	1	255	1	0
       67	2022-08-02 05:54:44	1	255	1	0
       72	2022-08-02 09:17:51	1	255	1	0
        2	2022-08-02 13:14:44	1	255	1	0
       72	2022-08-02 13:44:28	1	255	1	0
        2	2022-08-02 13:49:55	1	255	1	0
        2	2022-08-02 13:52:53	1	255	1	0
        2	2022-08-02 14:10:20	1	255	1	0
       23	2022-08-02 14:39:30	1	255	1	0
        5	2022-08-02 14:45:41	1	255	1	0
       23	2022-08-02 14:55:22	1	255	1	0
        5	2022-08-02 14:55:28	1	255	1	0
        2	2022-08-02 15:06:24	1	255	1	0
        2	2022-08-02 16:08:48	1	255	1	0
        0	2022-08-02 17:30:23	1	201	1	0
        0	2022-08-02 17:30:24	1	201	1	0
       19	2022-08-02 17:30:26	1	255	1	0
        0	2022-08-02 18:13:47	1	201	1	0
        5	2022-08-02 18:13:49	1	255	1	0
       23	2022-08-02 18:30:28	1	255	1	0
       23	2022-08-02 18:48:18	1	255	1	0
       83	2022-08-02 19:35:36	1	255	1	0
       47	2022-08-02 19:47:20	1	255	1	0
       82	2022-08-02 20:07:42	1	255	1	0
       84	2022-08-02 20:15:12	1	255	1	0
       81	2022-08-02 20:18:12	1	255	1	0
       80	2022-08-02 20:27:43	1	255	1	0
       84	2022-08-02 20:31:44	1	255	1	0
       48	2022-08-02 20:48:17	1	255	1	0
       11	2022-08-02 21:23:10	1	255	1	0
       77	2022-08-02 21:36:51	1	255	1	0
       67	2022-08-02 21:50:07	1	255	1	0
       78	2022-08-02 21:52:33	1	255	1	0
       45	2022-08-02 22:33:02	1	255	1	0
       83	2022-08-02 22:35:09	1	255	1	0
       84	2022-08-02 22:39:03	1	255	1	0
        0	2022-08-02 22:58:04	1	201	1	0
       81	2022-08-02 22:58:06	1	255	1	0
       80	2022-08-03 00:13:09	1	255	1	0
       54	2022-08-03 00:15:29	1	255	1	0
       45	2022-08-03 00:18:06	1	255	1	0
       47	2022-08-03 01:07:59	1	255	1	0
       84	2022-08-03 01:50:22	1	255	1	0
        0	2022-08-03 02:07:38	1	201	1	0
       84	2022-08-03 02:07:41	1	255	1	0
        0	2022-08-03 02:56:40	1	201	1	0
       48	2022-08-03 02:56:43	1	255	1	0
       78	2022-08-03 03:01:09	1	255	1	0
       78	2022-08-03 03:01:10	1	255	1	0
       67	2022-08-03 03:15:24	1	255	1	0
       54	2022-08-03 03:23:14	1	255	1	0
       48	2022-08-03 03:31:09	1	255	1	0
       38	2022-08-03 04:07:31	1	255	1	0
       11	2022-08-03 04:24:22	1	255	1	0
       54	2022-08-03 05:17:26	1	255	1	0
       35	2022-08-03 05:45:43	1	255	1	0
       67	2022-08-03 05:50:25	1	255	1	0
       45	2022-08-03 06:57:39	1	255	1	0
       35	2022-08-03 12:24:08	1	255	1	0
        5	2022-08-03 13:44:14	1	255	1	0
       23	2022-08-03 14:01:38	1	255	1	0
        0	2022-08-03 15:27:48	1	201	1	0
        5	2022-08-03 15:27:51	1	255	1	0
       23	2022-08-03 16:15:51	1	255	1	0
       81	2022-08-03 18:51:18	1	255	1	0
       82	2022-08-03 18:51:55	1	255	1	0
       83	2022-08-03 19:38:19	1	255	1	0
       47	2022-08-03 19:52:18	1	255	1	0
       80	2022-08-03 20:02:28	1	255	1	0
       76	2022-08-03 20:04:24	1	255	1	0
       83	2022-08-03 20:26:51	1	255	1	0
       11	2022-08-03 20:32:44	1	255	1	0
       76	2022-08-03 20:42:03	1	255	1	0
       48	2022-08-03 21:17:35	1	255	1	0
       77	2022-08-03 21:18:51	1	255	1	0
       54	2022-08-03 21:43:19	1	255	1	0
        0	2022-08-03 21:45:48	1	201	1	0
       24	2022-08-03 21:45:51	1	255	1	0
        0	2022-08-03 21:48:56	1	201	1	0
        0	2022-08-03 21:48:58	1	201	1	0
       78	2022-08-03 21:49:03	1	255	1	0
       38	2022-08-03 21:52:41	1	255	1	0
       45	2022-08-03 22:35:08	1	255	1	0
       84	2022-08-03 23:20:14	1	255	1	0
       54	2022-08-04 00:09:29	1	255	1	0
       47	2022-08-04 00:56:58	1	255	1	0
       77	2022-08-04 03:19:27	1	255	1	0
       84	2022-08-04 03:24:42	1	255	1	0
       47	2022-08-04 03:25:20	1	255	1	0
       38	2022-08-04 03:34:05	1	255	1	0
       54	2022-08-04 03:43:13	1	255	1	0
       84	2022-08-04 03:59:52	1	255	1	0
       84	2022-08-04 04:13:38	1	255	1	0
       83	2022-08-04 05:03:32	1	255	1	0
       84	2022-08-04 05:05:01	1	255	1	0
       54	2022-08-04 05:36:06	1	255	1	0
       35	2022-08-04 05:43:04	1	255	1	0
       45	2022-08-04 06:55:41	1	255	1	0
       48	2022-08-04 06:56:52	1	255	1	0
       72	2022-08-04 09:46:11	1	255	1	0
        0	2022-08-04 10:25:03	1	201	1	0
        8	2022-08-04 10:25:05	1	255	1	0
        0	2022-08-04 10:33:50	1	201	1	0
       57	2022-08-04 10:33:54	1	255	1	0
       35	2022-08-04 11:31:36	1	255	1	0
       62	2022-08-04 13:22:01	1	255	1	0
        0	2022-08-04 13:34:23	1	201	1	0
       72	2022-08-04 13:34:26	1	255	1	0
       23	2022-08-04 14:29:56	1	255	1	0
       40	2022-08-04 14:54:37	1	255	1	0
       23	2022-08-04 18:43:38	1	255	1	0
       83	2022-08-04 19:21:36	1	255	1	0
       40	2022-08-04 19:36:05	1	255	1	0
       84	2022-08-04 20:37:10	1	255	1	0
       76	2022-08-04 21:09:39	1	255	1	0
       78	2022-08-04 21:51:11	1	255	1	0
       67	2022-08-04 22:32:06	1	255	1	0
        0	2022-08-04 22:32:47	1	201	1	0
       38	2022-08-04 22:32:51	1	255	1	0
       56	2022-08-04 23:30:56	1	255	1	0
       84	2022-08-05 01:02:43	1	255	1	0
       83	2022-08-05 01:04:03	1	255	1	0
       67	2022-08-05 03:24:43	1	255	1	0
       76	2022-08-05 03:33:57	1	255	1	0
       38	2022-08-05 04:06:41	1	255	1	0
       35	2022-08-05 05:46:29	1	255	1	0
        8	2022-08-05 09:56:43	1	255	1	0
       35	2022-08-05 12:06:41	1	255	1	0
       63	2022-08-05 13:33:36	1	255	1	0
       23	2022-08-05 14:24:59	1	255	1	0
       40	2022-08-05 14:40:31	1	255	1	0
       72	2022-08-05 14:43:03	1	255	1	0
       40	2022-08-05 15:32:59	1	255	1	0
       80	2022-08-05 17:21:28	1	255	1	0
        0	2022-08-05 18:26:28	1	201	1	0
       23	2022-08-05 18:26:30	1	255	1	0
       72	2022-08-05 18:30:44	1	255	1	0
       81	2022-08-05 18:43:04	1	255	1	0
       72	2022-08-05 19:14:23	1	255	1	0
       72	2022-08-05 19:30:18	1	255	1	0
        0	2022-08-05 19:51:19	1	201	1	0
       82	2022-08-05 19:51:23	1	255	1	0
       40	2022-08-05 19:51:43	1	255	1	0
       83	2022-08-05 20:04:20	1	255	1	0
       21	2022-08-05 20:05:09	1	255	1	0
       11	2022-08-05 20:18:42	1	255	1	0
        0	2022-08-05 20:23:13	1	201	1	0
       21	2022-08-05 20:23:16	1	255	1	0
       37	2022-08-05 20:42:20	1	255	1	0
       84	2022-08-05 20:55:56	1	255	1	0
       21	2022-08-05 21:01:09	1	255	1	0
       77	2022-08-05 21:11:40	1	255	1	0
       54	2022-08-05 21:26:59	1	255	1	0
       72	2022-08-05 21:36:57	1	255	1	0
       84	2022-08-05 21:50:38	1	255	1	0
       38	2022-08-05 21:51:53	1	255	1	0
       78	2022-08-05 21:57:57	1	255	1	0
       54	2022-08-05 22:42:33	1	255	1	0
       84	2022-08-05 23:01:53	1	255	1	0
       54	2022-08-06 01:09:19	1	255	1	0
       84	2022-08-06 02:04:12	1	255	1	0
       76	2022-08-06 04:54:55	1	255	1	0
       82	2022-08-06 05:15:23	1	255	1	0
       35	2022-08-06 05:45:09	1	255	1	0
        0	2022-08-06 07:07:06	1	201	1	0
       78	2022-08-06 07:07:09	1	255	1	0
        0	2022-08-06 07:13:12	1	201	1	0
       78	2022-08-06 07:13:14	1	255	1	0
        5	2022-08-06 11:14:40	1	255	1	0
       35	2022-08-06 11:27:51	1	255	1	0
       40	2022-08-06 14:45:58	1	255	1	0
       47	2022-08-06 19:48:32	1	255	1	0
       47	2022-08-06 19:57:15	1	255	1	0
       40	2022-08-06 20:04:14	1	255	1	0
       47	2022-08-07 01:23:49	1	255	1	0
        8	2022-08-08 11:29:11	1	255	1	0
        8	2022-08-08 11:29:12	1	255	1	0
       23	2022-08-08 13:57:25	1	255	1	0
        0	2022-08-08 15:06:18	1	201	1	0
        0	2022-08-08 15:06:20	1	201	1	0
        0	2022-08-08 15:06:22	1	201	1	0
       72	2022-08-08 15:06:26	1	255	1	0
       63	2022-08-08 17:40:23	1	255	1	0
        0	2022-08-08 18:33:19	1	201	1	0
        0	2022-08-08 18:33:21	1	201	1	0
       46	2022-08-08 18:33:23	1	255	1	0
        7	2022-08-08 18:50:59	1	255	1	0
        0	2022-08-08 19:01:28	1	201	1	0
       72	2022-08-08 19:01:31	1	255	1	0
       23	2022-08-08 19:15:44	1	255	1	0
        0	2022-08-08 19:29:09	1	201	1	0
       81	2022-08-08 19:29:12	1	255	1	0
       83	2022-08-08 19:30:49	1	255	1	0
       33	2022-08-08 19:36:54	1	255	1	0
        3	2022-08-08 19:42:27	1	255	1	0
       76	2022-08-08 19:44:21	1	255	1	0
       82	2022-08-08 19:47:40	1	255	1	0
       80	2022-08-08 19:55:29	1	255	1	0
       84	2022-08-08 20:06:56	1	255	1	0
       25	2022-08-08 20:41:38	1	255	1	0
       69	2022-08-08 20:56:11	1	255	1	0
       33	2022-08-08 21:09:39	1	255	1	0
       25	2022-08-08 21:20:37	1	255	1	0
       33	2022-08-08 21:27:53	1	255	1	0
       67	2022-08-08 21:36:00	1	255	1	0
       78	2022-08-08 21:49:49	1	255	1	0
       80	2022-08-08 23:07:49	1	255	1	0
       84	2022-08-08 23:09:46	1	255	1	0
        7	2022-08-08 23:38:33	1	255	1	0
       33	2022-08-09 00:51:40	1	255	1	0
       84	2022-08-09 01:39:13	1	255	1	0
        4	2022-08-09 02:43:02	1	255	1	0
       78	2022-08-09 03:08:26	1	255	1	0
       78	2022-08-09 03:08:27	1	255	1	0
       33	2022-08-09 03:17:44	1	255	1	0
        0	2022-08-09 03:23:36	1	201	1	0
        0	2022-08-09 03:23:40	1	201	1	0
       69	2022-08-09 03:23:43	1	255	1	0
       83	2022-08-09 04:07:36	1	255	1	0
       81	2022-08-09 04:59:30	1	255	1	0
        0	2022-08-09 06:04:05	1	201	1	0
       80	2022-08-09 06:04:08	1	255	1	0
       80	2022-08-09 06:04:09	1	255	1	0
       23	2022-08-09 14:25:27	1	255	1	0
       72	2022-08-09 18:03:04	1	255	1	0
       23	2022-08-09 18:04:32	1	255	1	0
       72	2022-08-09 18:56:52	1	255	1	0
       33	2022-08-09 19:34:53	1	255	1	0
       21	2022-08-09 19:35:32	1	255	1	0
       83	2022-08-09 19:42:26	1	255	1	0
       80	2022-08-09 19:52:37	1	255	1	0
       84	2022-08-09 19:59:01	1	255	1	0
       82	2022-08-09 20:04:59	1	255	1	0
        7	2022-08-09 20:13:55	1	255	1	0
        0	2022-08-09 20:27:38	1	201	1	0
       81	2022-08-09 20:27:40	1	255	1	0
       83	2022-08-09 20:28:53	1	255	1	0
       84	2022-08-09 20:30:24	1	255	1	0
       69	2022-08-09 20:48:06	1	255	1	0
       37	2022-08-09 21:04:51	1	255	1	0
       77	2022-08-09 21:25:19	1	255	1	0
        7	2022-08-09 21:36:18	1	255	1	0
       78	2022-08-09 21:53:07	1	255	1	0
       46	2022-08-09 22:16:17	1	255	1	0
       71	2022-08-09 22:29:17	1	255	3	0
       46	2022-08-09 22:35:44	1	255	1	0
       72	2022-08-09 23:05:30	1	255	1	0
       33	2022-08-09 23:08:37	1	255	1	0
       84	2022-08-09 23:18:13	1	255	1	0
        3	2022-08-10 01:14:09	1	255	1	0
       84	2022-08-10 01:17:32	1	255	1	0
       33	2022-08-10 01:47:33	1	255	1	0
       81	2022-08-10 02:01:03	1	255	1	0
       69	2022-08-10 02:32:50	1	255	1	0
       33	2022-08-10 03:55:03	1	255	1	0
       71	2022-08-10 05:46:22	1	255	3	0
       80	2022-08-10 05:47:05	1	255	1	0
        8	2022-08-10 11:15:47	1	255	1	0
        8	2022-08-10 13:16:30	1	255	1	0
       23	2022-08-10 13:45:52	1	255	1	0
        8	2022-08-10 13:52:28	1	255	1	0
        8	2022-08-10 14:05:53	1	255	1	0
        8	2022-08-10 14:14:04	1	255	1	0
       72	2022-08-10 14:43:21	1	255	1	0
        0	2022-08-10 17:13:47	1	201	1	0
        0	2022-08-10 17:13:49	1	201	1	0
        0	2022-08-10 17:13:51	1	201	1	0
        0	2022-08-10 17:13:53	1	201	1	0
       19	2022-08-10 17:13:54	1	255	1	0
       19	2022-08-10 17:13:56	1	255	1	0
       72	2022-08-10 18:53:09	1	255	1	0
       23	2022-08-10 19:01:12	1	255	1	0
        0	2022-08-10 19:20:58	1	201	1	0
       83	2022-08-10 19:21:01	1	255	1	0
        4	2022-08-10 19:37:25	1	255	1	0
       82	2022-08-10 19:40:10	1	255	1	0
       33	2022-08-10 19:43:18	1	255	1	0
        7	2022-08-10 19:56:48	1	255	1	0
       80	2022-08-10 20:09:58	1	255	1	0
       81	2022-08-10 20:22:54	1	255	1	0
       84	2022-08-10 20:33:35	1	255	1	0
       69	2022-08-10 20:52:49	1	255	1	0
        0	2022-08-10 21:10:35	1	201	1	0
       77	2022-08-10 21:10:38	1	255	1	0
       23	2022-08-10 21:46:42	1	255	1	0
       78	2022-08-10 21:52:07	1	255	1	0
       46	2022-08-10 22:18:47	1	255	1	0
       71	2022-08-10 22:21:24	1	255	3	0
       33	2022-08-10 22:36:25	1	255	1	0
       80	2022-08-11 00:00:07	1	255	1	0
        4	2022-08-11 00:28:06	1	255	1	0
       80	2022-08-11 00:38:53	1	255	1	0
       33	2022-08-11 00:58:14	1	255	1	0
       80	2022-08-11 01:52:08	1	255	1	0
       84	2022-08-11 02:15:54	1	255	1	0
       84	2022-08-11 02:15:55	1	255	1	0
        0	2022-08-11 02:22:57	1	201	1	0
        0	2022-08-11 02:22:59	1	201	1	0
       69	2022-08-11 02:23:05	1	255	1	0
       81	2022-08-11 02:30:15	1	255	1	0
       81	2022-08-11 02:37:37	1	255	1	0
       81	2022-08-11 03:27:02	1	255	1	0
       78	2022-08-11 03:42:37	1	255	1	0
       84	2022-08-11 04:23:12	1	255	1	0
       84	2022-08-11 07:06:28	1	255	1	0
       71	2022-08-11 08:27:52	1	255	3	0
       23	2022-08-11 13:33:01	1	255	1	0
        7	2022-08-11 19:25:20	1	255	1	0
        4	2022-08-11 19:29:49	1	255	1	0
       83	2022-08-11 19:36:45	1	255	1	0
       82	2022-08-11 19:38:27	1	255	1	0
       33	2022-08-11 19:46:46	1	255	1	0
        0	2022-08-11 19:54:12	1	201	1	0
       81	2022-08-11 19:54:14	1	255	1	0
       84	2022-08-11 20:02:15	1	255	1	0
       23	2022-08-11 20:04:30	1	255	1	0
       25	2022-08-11 20:06:58	1	255	1	0
       76	2022-08-11 20:12:22	1	255	1	0
       46	2022-08-11 20:30:53	1	255	1	0
       83	2022-08-11 20:31:51	1	255	1	0
       71	2022-08-11 20:32:38	1	255	3	0
       80	2022-08-11 20:40:34	1	255	1	0
       81	2022-08-11 20:54:36	1	255	1	0
       69	2022-08-11 20:58:06	1	255	1	0
       77	2022-08-11 21:12:34	1	255	1	0
       78	2022-08-11 21:53:55	1	255	1	0
       78	2022-08-11 21:53:56	1	255	1	0
        0	2022-08-11 21:55:52	1	201	1	0
       33	2022-08-11 21:55:55	1	255	1	0
       54	2022-08-11 21:59:53	1	255	1	0
       69	2022-08-11 22:38:57	1	255	1	0
       84	2022-08-11 23:20:34	1	255	1	0
       54	2022-08-11 23:38:41	1	255	1	0
        0	2022-08-12 00:35:01	1	201	1	0
       33	2022-08-12 00:35:03	1	255	1	0
        3	2022-08-12 01:05:33	1	255	1	0
       69	2022-08-12 02:41:02	1	255	1	0
       76	2022-08-12 03:30:30	1	255	1	0
        0	2022-08-12 03:43:43	1	201	1	0
       54	2022-08-12 03:43:48	1	255	1	0
       33	2022-08-12 04:01:48	1	255	1	0
       84	2022-08-12 05:40:22	1	255	1	0
       23	2022-08-12 14:01:45	1	255	1	0
       23	2022-08-12 16:00:33	1	255	1	0
       83	2022-08-12 18:12:09	1	255	1	0
        3	2022-08-12 19:46:02	1	255	1	0
       76	2022-08-12 19:47:10	1	255	1	0
       33	2022-08-12 19:47:47	1	255	1	0
       82	2022-08-12 20:02:43	1	255	1	0
        7	2022-08-12 20:17:25	1	255	1	0
       81	2022-08-12 20:17:50	1	255	1	0
       25	2022-08-12 20:25:51	1	255	1	0
       84	2022-08-12 20:28:10	1	255	1	0
       69	2022-08-12 20:55:35	1	255	1	0
       77	2022-08-12 21:34:56	1	255	1	0
        0	2022-08-12 21:52:51	1	201	1	0
       78	2022-08-12 21:52:54	1	255	1	0
       23	2022-08-12 21:56:33	1	255	1	0
       82	2022-08-12 23:01:03	1	255	1	0
       84	2022-08-12 23:13:09	1	255	1	0
        0	2022-08-12 23:14:16	1	201	1	0
       33	2022-08-12 23:14:17	1	255	1	0
       69	2022-08-13 02:10:20	1	255	1	0
       84	2022-08-13 02:17:03	1	255	1	0
       80	2022-08-13 02:33:13	1	255	1	0
       84	2022-08-13 04:31:17	1	255	1	0
        5	2022-08-14 13:53:38	1	255	1	0
        5	2022-08-14 17:12:40	1	255	1	0
       84	2022-08-15 04:56:24	1	255	1	0
       84	2022-08-15 05:20:54	1	255	1	0
       46	2022-08-15 10:40:12	1	255	1	0
       80	2022-08-15 11:48:36	1	255	1	0
       84	2022-08-15 12:23:12	1	255	1	0
       57	2022-08-15 12:47:23	1	255	1	0
       80	2022-08-15 12:49:54	1	255	1	0
       57	2022-08-15 13:29:23	1	255	1	0
       23	2022-08-15 14:19:47	1	255	1	0
       57	2022-08-15 14:24:03	1	255	1	0
       72	2022-08-15 14:45:47	1	255	1	0
       40	2022-08-15 14:55:49	1	255	1	0
       57	2022-08-15 15:13:36	1	255	1	0
        2	2022-08-15 16:18:15	1	255	1	0
        2	2022-08-15 16:18:53	1	255	1	0
        2	2022-08-15 16:21:41	1	255	1	0
        2	2022-08-15 17:16:22	1	255	1	0
       57	2022-08-15 17:23:57	1	255	1	0
       57	2022-08-15 18:41:37	1	255	1	0
        0	2022-08-15 18:43:02	1	201	1	0
        0	2022-08-15 18:43:05	1	201	1	0
        0	2022-08-15 18:43:07	1	201	1	0
       72	2022-08-15 18:43:09	1	255	1	0
       40	2022-08-15 19:46:01	1	255	1	0
       83	2022-08-15 19:58:10	1	255	1	0
       11	2022-08-15 20:28:28	1	255	1	0
       76	2022-08-15 20:47:25	1	255	1	0
       77	2022-08-15 21:09:18	1	255	1	0
       24	2022-08-15 21:42:38	1	255	1	0
       67	2022-08-15 21:48:30	1	255	1	0
       54	2022-08-15 21:53:13	1	255	1	0
       38	2022-08-15 21:55:03	1	255	1	0
       72	2022-08-15 22:11:50	1	255	1	0
       45	2022-08-15 22:31:26	1	255	1	0
       45	2022-08-16 00:19:24	1	255	1	0
       77	2022-08-16 01:01:49	1	255	1	0
       77	2022-08-16 01:01:50	1	255	1	0
       38	2022-08-16 01:29:29	1	255	1	0
        0	2022-08-16 03:30:06	1	201	1	0
       38	2022-08-16 03:30:09	1	255	1	0
       83	2022-08-16 03:33:08	1	255	1	0
       45	2022-08-16 04:46:18	1	255	1	0
       84	2022-08-16 04:53:40	1	255	1	0
       84	2022-08-16 05:09:05	1	255	1	0
       35	2022-08-16 05:42:34	1	255	1	0
       45	2022-08-16 06:43:17	1	255	1	0
       45	2022-08-16 07:14:19	1	255	1	0
        8	2022-08-16 09:12:52	1	255	1	0
        0	2022-08-16 11:17:46	1	201	1	0
        0	2022-08-16 11:17:47	1	201	1	0
        8	2022-08-16 11:17:49	1	255	1	0
        8	2022-08-16 11:17:50	1	255	1	0
       80	2022-08-16 11:32:05	1	255	1	0
        8	2022-08-16 12:00:50	1	255	1	0
        8	2022-08-16 12:00:51	1	255	1	0
       57	2022-08-16 12:20:30	1	255	1	0
       35	2022-08-16 12:29:12	1	255	1	0
       57	2022-08-16 13:00:13	1	255	1	0
       82	2022-08-16 13:23:02	1	255	1	0
       57	2022-08-16 13:42:10	1	255	1	0
       80	2022-08-16 13:48:04	1	255	1	0
        0	2022-08-16 14:42:37	1	201	1	0
       72	2022-08-16 14:42:42	1	255	1	0
       23	2022-08-16 14:48:05	1	255	1	0
       23	2022-08-16 15:11:59	1	255	1	0
       57	2022-08-16 15:20:52	1	255	1	0
        0	2022-08-16 17:02:05	1	201	1	0
       57	2022-08-16 17:02:08	1	255	1	0
       82	2022-08-16 18:08:30	1	255	1	0
       82	2022-08-16 19:09:23	1	255	1	0
       47	2022-08-16 19:19:18	1	255	1	0
        7	2022-08-16 19:21:50	1	255	1	0
       33	2022-08-16 19:46:05	1	255	1	0
       57	2022-08-16 19:48:29	1	255	1	0
       83	2022-08-16 19:50:08	1	255	1	0
       79	2022-08-16 19:54:48	1	255	1	0
       11	2022-08-16 20:11:33	1	255	1	0
       25	2022-08-16 20:23:33	1	255	1	0
       76	2022-08-16 20:30:56	1	255	1	0
       57	2022-08-16 20:48:39	1	255	1	0
       62	2022-08-16 21:00:46	1	255	1	0
        0	2022-08-16 21:15:12	1	201	1	0
       68	2022-08-16 21:15:15	1	255	1	0
       72	2022-08-16 21:24:50	1	255	1	0
       24	2022-08-16 21:34:50	1	255	1	0
       33	2022-08-16 21:38:05	1	255	1	0
       68	2022-08-16 21:42:43	1	255	1	0
       67	2022-08-16 21:47:42	1	255	1	0
       77	2022-08-16 21:51:10	1	255	1	0
       38	2022-08-16 21:57:41	1	255	1	0
       63	2022-08-16 22:06:12	1	255	1	0
       68	2022-08-16 22:13:40	1	255	1	0
       68	2022-08-16 22:13:41	1	255	1	0
       71	2022-08-16 22:20:16	1	255	3	0
       45	2022-08-16 22:37:30	1	255	1	0
       11	2022-08-16 23:05:03	1	255	1	0
        7	2022-08-17 00:36:04	1	255	1	0
       33	2022-08-17 00:37:28	1	255	1	0
       63	2022-08-17 01:02:27	1	255	1	0
       47	2022-08-17 01:50:37	1	255	1	0
       83	2022-08-17 02:18:29	1	255	1	0
       11	2022-08-17 03:19:09	1	255	1	0
       45	2022-08-17 04:10:57	1	255	1	0
        0	2022-08-17 04:46:47	1	201	1	0
       33	2022-08-17 04:46:50	1	255	1	0
        0	2022-08-17 05:02:57	1	201	1	0
       68	2022-08-17 05:02:59	1	255	1	0
       68	2022-08-17 05:03:00	1	255	1	0
       81	2022-08-17 05:05:54	1	255	1	0
       35	2022-08-17 05:40:42	1	255	1	0
       45	2022-08-17 06:50:59	1	255	1	0
       37	2022-08-17 07:14:51	1	255	1	0
       80	2022-08-17 08:00:22	1	255	1	0
       81	2022-08-17 08:22:58	1	255	1	0
       37	2022-08-17 11:25:35	1	255	1	0
       35	2022-08-17 12:15:22	1	255	1	0
       57	2022-08-17 12:46:09	1	255	1	0
       82	2022-08-17 13:09:57	1	255	1	0
       23	2022-08-17 13:31:54	1	255	1	0
        6	2022-08-17 14:41:54	1	255	1	0
        6	2022-08-17 14:41:55	1	255	1	0
        0	2022-08-17 14:57:15	1	201	1	0
        0	2022-08-17 14:57:17	1	201	1	0
       72	2022-08-17 14:57:19	1	255	1	0
       57	2022-08-17 15:13:47	1	255	1	0
       72	2022-08-17 15:19:25	1	255	1	0
        6	2022-08-17 15:22:03	1	255	1	0
       72	2022-08-17 15:23:24	1	255	1	0
        6	2022-08-17 17:02:25	1	255	1	0
       82	2022-08-17 18:14:30	1	255	1	0
       57	2022-08-17 18:20:13	1	255	1	0
       72	2022-08-17 19:31:10	1	255	1	0
       80	2022-08-17 20:37:14	1	255	1	0
       83	2022-08-17 20:37:41	1	255	1	0
       80	2022-08-17 20:41:24	1	255	1	0
       76	2022-08-17 21:07:45	1	255	1	0
       57	2022-08-17 21:17:19	1	255	1	0
       85	2022-08-17 21:50:33	1	255	1	0
       67	2022-08-17 21:57:19	1	255	1	0
       85	2022-08-17 22:07:36	1	255	1	0
       45	2022-08-17 22:33:29	1	255	1	0
       23	2022-08-17 22:34:04	1	255	1	0
       72	2022-08-17 22:49:46	1	255	1	0
       45	2022-08-18 01:02:48	1	255	1	0
       45	2022-08-18 03:49:03	1	255	1	0
       85	2022-08-18 05:20:26	1	255	1	0
       81	2022-08-18 05:33:07	1	255	1	0
       35	2022-08-18 05:41:45	1	255	1	0
       45	2022-08-18 07:02:35	1	255	1	0
       85	2022-08-18 08:44:11	1	255	1	0
       82	2022-08-18 13:07:41	1	255	1	0
       57	2022-08-18 15:47:54	1	255	1	0
       80	2022-08-18 16:46:35	1	255	1	0
       57	2022-08-18 16:59:43	1	255	1	0
       82	2022-08-18 17:52:42	1	255	1	0
       40	2022-08-18 19:52:36	1	255	1	0
       11	2022-08-18 20:22:59	1	255	1	0
       11	2022-08-18 20:41:58	1	255	1	0
       83	2022-08-18 21:08:44	1	255	1	0
       57	2022-08-18 21:17:55	1	255	1	0
       85	2022-08-18 21:39:19	1	255	1	0
       24	2022-08-18 21:51:14	1	255	1	0
        0	2022-08-18 21:55:49	1	201	1	0
       38	2022-08-18 21:55:51	1	255	1	0
       45	2022-08-18 22:38:43	1	255	1	0
       38	2022-08-18 23:56:57	1	255	1	0
       45	2022-08-19 02:13:30	1	255	1	0
       85	2022-08-19 03:37:37	1	255	1	0
       84	2022-08-19 05:02:51	1	255	1	0
       11	2022-08-19 05:05:31	1	255	1	0
       38	2022-08-19 05:07:41	1	255	1	0
       84	2022-08-19 05:23:00	1	255	1	0
       81	2022-08-19 05:43:36	1	255	1	0
       35	2022-08-19 05:45:06	1	255	1	0
       45	2022-08-19 05:57:19	1	255	1	0
       11	2022-08-19 06:20:40	1	255	1	0
        0	2022-08-19 10:09:13	1	201	1	0
        8	2022-08-19 10:09:16	1	255	1	0
       85	2022-08-19 11:21:48	1	255	1	0
       80	2022-08-19 11:32:09	1	255	1	0
       35	2022-08-19 11:34:33	1	255	1	0
       57	2022-08-19 12:48:13	1	255	1	0
       82	2022-08-19 12:54:51	1	255	1	0
       57	2022-08-19 13:21:01	1	255	1	0
       23	2022-08-19 14:05:28	1	255	1	0
       84	2022-08-19 14:33:46	1	255	1	0
       40	2022-08-19 14:40:22	1	255	1	0
       57	2022-08-19 15:17:40	1	255	1	0
       23	2022-08-19 15:30:10	1	255	1	0
       82	2022-08-19 17:38:11	1	255	1	0
       57	2022-08-19 18:09:18	1	255	1	0
       23	2022-08-19 18:10:43	1	255	1	0
       40	2022-08-19 19:48:31	1	255	1	0
       11	2022-08-19 20:31:07	1	255	1	0
       83	2022-08-19 20:33:26	1	255	1	0
       85	2022-08-19 21:15:42	1	255	1	0
       77	2022-08-19 21:21:26	1	255	1	0
       38	2022-08-19 21:59:14	1	255	1	0
       45	2022-08-19 22:29:08	1	255	1	0
       23	2022-08-19 22:32:49	1	255	1	0
       11	2022-08-20 00:08:50	1	255	1	0
       83	2022-08-20 01:10:50	1	255	1	0
       85	2022-08-20 01:26:13	1	255	1	0
       45	2022-08-20 03:11:50	1	255	1	0
       85	2022-08-20 03:50:05	1	255	1	0
       45	2022-08-20 04:39:56	1	255	1	0
       84	2022-08-20 04:46:28	1	255	1	0
       38	2022-08-20 04:48:31	1	255	1	0
       84	2022-08-20 05:05:34	1	255	1	0
        0	2022-08-20 05:44:37	1	201	1	0
       81	2022-08-20 05:44:39	1	255	1	0
       35	2022-08-20 05:45:00	1	255	1	0
       84	2022-08-20 11:22:16	1	255	1	0
       35	2022-08-20 11:24:32	1	255	1	0
       82	2022-08-20 12:58:22	1	255	1	0
       84	2022-08-20 14:15:43	1	255	1	0
       81	2022-08-20 14:39:12	1	255	1	0
       84	2022-08-20 14:47:40	1	255	1	0
       40	2022-08-20 14:48:04	1	255	1	0
       82	2022-08-20 14:58:02	1	255	1	0
       84	2022-08-20 15:09:10	1	255	1	0
       47	2022-08-20 19:07:37	1	255	1	0
       40	2022-08-20 20:09:04	1	255	1	0
       85	2022-08-20 21:31:11	1	255	1	0
       85	2022-08-20 23:07:11	1	255	1	0
       47	2022-08-21 02:36:15	1	255	1	0
       85	2022-08-21 04:51:11	1	255	1	0
       84	2022-08-21 05:01:41	1	255	1	0
       84	2022-08-21 05:32:17	1	255	1	0
       81	2022-08-21 05:36:22	1	255	1	0
       84	2022-08-21 11:23:09	1	255	1	0
       81	2022-08-21 11:43:22	1	255	1	0
        0	2022-08-21 11:52:38	1	201	1	0
        0	2022-08-21 11:52:43	1	201	1	0
       81	2022-08-21 11:52:45	1	255	1	0
       84	2022-08-21 14:03:58	1	255	1	0
       40	2022-08-21 14:45:59	1	255	1	0
       40	2022-08-21 15:56:32	1	255	1	0
        0	2022-08-21 20:00:54	1	201	1	0
       47	2022-08-21 20:00:56	1	255	1	0
       47	2022-08-21 20:07:42	1	255	1	0
        0	2022-08-21 21:00:12	1	201	1	0
       40	2022-08-21 21:00:15	1	255	1	0
       85	2022-08-21 21:49:49	1	255	1	0
       47	2022-08-21 23:35:36	1	255	1	0
       85	2022-08-21 23:41:56	1	255	1	0
       85	2022-08-22 02:53:02	1	255	1	0
       84	2022-08-22 05:12:11	1	255	1	0
       85	2022-08-22 05:14:08	1	255	1	0
       84	2022-08-22 05:25:19	1	255	1	0
        3	2022-08-22 06:45:13	1	255	1	0
        8	2022-08-22 10:17:10	1	255	1	0
        8	2022-08-22 10:17:11	1	255	1	0
       84	2022-08-22 12:29:38	1	255	1	0
        3	2022-08-22 13:24:45	1	255	1	0
       11	2022-08-22 15:29:10	1	255	1	0
       11	2022-08-22 16:46:15	1	255	1	0
       72	2022-08-22 17:30:48	1	255	1	0
       46	2022-08-22 17:57:42	1	255	1	0
       71	2022-08-22 18:08:47	1	255	3	0
       19	2022-08-22 18:20:00	1	255	1	0
       71	2022-08-22 18:42:43	1	255	3	0
       72	2022-08-22 19:27:44	1	255	1	0
       83	2022-08-22 20:15:04	1	255	1	0
       25	2022-08-22 20:21:30	1	255	1	0
        0	2022-08-22 21:06:34	1	201	1	0
        0	2022-08-22 21:06:37	1	201	1	0
        0	2022-08-22 21:06:40	1	201	1	0
       83	2022-08-22 21:06:43	1	255	1	0
       77	2022-08-22 21:25:08	1	255	1	0
        4	2022-08-22 22:50:08	1	255	1	0
        4	2022-08-23 03:09:07	1	255	1	0
       84	2022-08-23 04:51:34	1	255	1	0
       84	2022-08-23 05:18:27	1	255	1	0
       84	2022-08-23 05:30:49	1	255	1	0
       71	2022-08-23 08:23:18	1	255	3	0
       84	2022-08-23 12:31:31	1	255	1	0
       82	2022-08-23 13:39:30	1	255	1	0
       72	2022-08-23 14:44:14	1	255	1	0
       84	2022-08-23 14:45:49	1	255	1	0
       84	2022-08-23 15:02:11	1	255	1	0
        0	2022-08-23 18:42:15	1	201	1	0
       72	2022-08-23 18:42:18	1	255	1	0
        4	2022-08-23 19:46:55	1	255	1	0
       33	2022-08-23 19:50:07	1	255	1	0
       37	2022-08-23 19:50:44	1	255	1	0
       21	2022-08-23 19:55:19	1	255	1	0
       46	2022-08-23 20:08:24	1	255	1	0
       71	2022-08-23 20:16:35	1	255	3	0
       83	2022-08-23 20:19:42	1	255	1	0
       33	2022-08-23 20:39:20	1	255	1	0
       77	2022-08-23 21:17:00	1	255	1	0
       85	2022-08-23 21:31:24	1	255	1	0
        5	2022-08-23 21:56:09	1	255	1	0
       78	2022-08-23 22:02:35	1	255	1	0
       33	2022-08-24 00:45:46	1	255	1	0
       21	2022-08-24 02:29:03	1	255	1	0
       77	2022-08-24 03:24:59	1	255	1	0
       33	2022-08-24 03:26:54	1	255	1	0
       85	2022-08-24 04:58:58	1	255	1	0
        0	2022-08-24 05:45:38	1	201	1	0
        0	2022-08-24 05:45:41	1	201	1	0
       81	2022-08-24 05:45:44	1	255	1	0
       81	2022-08-24 07:30:25	1	255	1	0
        8	2022-08-24 09:17:51	1	255	1	0
        8	2022-08-24 10:29:28	1	255	1	0
        0	2022-08-24 13:53:52	1	201	1	0
       81	2022-08-24 13:53:54	1	255	1	0
       72	2022-08-24 14:41:44	1	255	1	0
       33	2022-08-24 19:48:31	1	255	1	0
       83	2022-08-24 19:56:41	1	255	1	0
        7	2022-08-24 20:23:24	1	255	1	0
       25	2022-08-24 20:30:54	1	255	1	0
       77	2022-08-24 21:19:15	1	255	1	0
       33	2022-08-24 21:26:13	1	255	1	0
       85	2022-08-24 21:44:30	1	255	1	0
        0	2022-08-24 21:56:00	1	201	1	0
       46	2022-08-24 21:56:03	1	255	1	0
       78	2022-08-24 22:04:27	1	255	1	0
       71	2022-08-24 22:10:22	1	255	3	0
        4	2022-08-24 22:36:08	1	255	1	0
        0	2022-08-24 23:33:03	1	201	1	0
       46	2022-08-24 23:33:07	1	255	1	0
       83	2022-08-25 02:12:49	1	255	1	0
       69	2022-08-25 02:53:11	1	255	1	0
       85	2022-08-25 03:15:29	1	255	1	0
       77	2022-08-25 03:21:00	1	255	1	0
        0	2022-08-25 03:57:52	1	201	1	0
        7	2022-08-25 03:58:02	1	255	1	0
       33	2022-08-25 04:27:29	1	255	1	0
       85	2022-08-25 04:56:59	1	255	1	0
       81	2022-08-25 05:39:10	1	255	1	0
        3	2022-08-25 06:49:38	1	255	1	0
       80	2022-08-25 12:25:56	1	255	1	0
        3	2022-08-25 12:30:57	1	255	1	0
       80	2022-08-25 12:56:22	1	255	1	0
       72	2022-08-25 17:34:19	1	255	1	0
       72	2022-08-25 18:39:03	1	255	1	0
       33	2022-08-25 19:50:21	1	255	1	0
        0	2022-08-25 20:04:51	1	201	1	0
       83	2022-08-25 20:04:55	1	255	1	0
       25	2022-08-25 20:27:27	1	255	1	0
       25	2022-08-25 20:59:22	1	255	1	0
       85	2022-08-25 21:53:04	1	255	1	0
       78	2022-08-25 22:01:47	1	255	1	0
        0	2022-08-25 22:09:52	1	201	1	0
        0	2022-08-25 22:09:55	1	201	1	0
       46	2022-08-25 22:09:57	1	255	1	0
       71	2022-08-25 22:20:00	1	255	3	0
        4	2022-08-25 22:38:30	1	255	1	0
       71	2022-08-25 22:43:59	1	255	3	0
       33	2022-08-25 22:44:52	1	255	1	0
       85	2022-08-25 23:42:27	1	255	1	0
       69	2022-08-25 23:43:56	1	255	1	0
       69	2022-08-26 02:25:09	1	255	1	0
        0	2022-08-26 03:33:19	1	201	1	0
        0	2022-08-26 03:33:20	1	201	1	0
       78	2022-08-26 03:33:23	1	255	1	0
       33	2022-08-26 03:40:37	1	255	1	0
       84	2022-08-26 05:04:19	1	255	1	0
       85	2022-08-26 05:12:54	1	255	1	0
       84	2022-08-26 05:26:50	1	255	1	0
       81	2022-08-26 05:42:40	1	255	1	0
        3	2022-08-26 06:55:59	1	255	1	0
       84	2022-08-26 09:16:46	1	255	1	0
        4	2022-08-26 09:23:37	1	255	1	0
        8	2022-08-26 09:37:18	1	255	1	0
       80	2022-08-26 09:57:19	1	255	1	0
       80	2022-08-26 10:15:39	1	255	1	0
        8	2022-08-26 10:44:07	1	255	1	0
       84	2022-08-26 12:48:42	1	255	1	0
       82	2022-08-26 13:08:04	1	255	1	0
       46	2022-08-26 15:04:44	1	255	1	0
       71	2022-08-26 15:09:23	1	255	3	0
       82	2022-08-26 18:02:45	1	255	1	0
        4	2022-08-26 18:20:51	1	255	1	0
       33	2022-08-26 19:50:39	1	255	1	0
       83	2022-08-26 19:59:11	1	255	1	0
       11	2022-08-26 20:16:48	1	255	1	0
        7	2022-08-26 20:17:39	1	255	1	0
       11	2022-08-26 20:35:47	1	255	1	0
       78	2022-08-26 21:47:22	1	255	1	0
       69	2022-08-26 21:57:31	1	255	1	0
       78	2022-08-26 22:00:28	1	255	1	0
       85	2022-08-26 22:22:29	1	255	1	0
       33	2022-08-26 22:42:14	1	255	1	0
        7	2022-08-26 22:52:02	1	255	1	0
       83	2022-08-27 00:15:42	1	255	1	0
       33	2022-08-27 01:59:10	1	255	1	0
       69	2022-08-27 02:25:18	1	255	1	0
       85	2022-08-27 03:09:46	1	255	1	0
       83	2022-08-27 03:51:55	1	255	1	0
       78	2022-08-27 04:20:06	1	255	1	0
       11	2022-08-27 04:46:40	1	255	1	0
       84	2022-08-27 05:06:10	1	255	1	0
        0	2022-08-27 05:28:42	1	201	1	0
       83	2022-08-27 05:28:45	1	255	1	0
       81	2022-08-27 05:48:05	1	255	1	0
       80	2022-08-27 10:48:32	1	255	1	0
       81	2022-08-27 11:05:50	1	255	1	0
       84	2022-08-27 12:20:23	1	255	1	0
       82	2022-08-27 13:10:19	1	255	1	0
       82	2022-08-27 18:16:07	1	255	1	0
       85	2022-08-27 21:48:34	1	255	1	0
       82	2022-08-27 22:24:45	1	255	1	0
       85	2022-08-28 01:41:12	1	255	1	0
        0	2022-08-28 02:57:45	1	201	1	0
       85	2022-08-28 02:57:50	1	255	1	0
       85	2022-08-28 04:29:07	1	255	1	0
       84	2022-08-28 05:05:42	1	255	1	0
       84	2022-08-28 05:24:30	1	255	1	0
       81	2022-08-28 05:49:28	1	255	1	0
       85	2022-08-28 05:49:30	1	255	1	0
       80	2022-08-28 10:08:30	1	255	1	0
       81	2022-08-28 10:34:24	1	255	1	0
       84	2022-08-28 12:51:35	1	255	1	0
        5	2022-08-28 14:22:43	1	255	1	0
        5	2022-08-28 17:12:10	1	255	1	0
       80	2022-08-28 17:24:22	1	255	1	0
       47	2022-08-28 19:40:50	1	255	1	0
       47	2022-08-29 01:47:44	1	255	1	0
       84	2022-08-29 05:11:09	1	255	1	0
       84	2022-08-29 05:30:00	1	255	1	0
        0	2022-08-29 12:31:15	1	201	1	0
       57	2022-08-29 12:31:19	1	255	1	0
       84	2022-08-29 13:00:33	1	255	1	0
        1	2022-08-29 13:27:24	1	255	4	0
        1	2022-08-29 13:41:01	1	255	4	0
       23	2022-08-29 13:57:08	1	255	1	0
        5	2022-08-29 14:04:29	1	255	1	0
        0	2022-08-29 14:05:35	1	201	1	0
       57	2022-08-29 14:05:39	1	255	1	0
       57	2022-08-29 14:05:40	1	255	1	0
       23	2022-08-29 14:27:06	1	255	1	0
       40	2022-08-29 14:48:31	1	255	1	0
       72	2022-08-29 14:57:57	1	255	1	0
       57	2022-08-29 15:20:58	1	255	1	0
        5	2022-08-29 16:08:01	1	255	1	0
       72	2022-08-29 17:38:39	1	255	1	0
       23	2022-08-29 18:00:45	1	255	1	0
       71	2022-08-29 18:19:55	1	255	3	0
       71	2022-08-29 19:05:39	1	255	3	0
       40	2022-08-29 19:35:22	1	255	1	0
       21	2022-08-29 19:42:08	1	255	1	0
        0	2022-08-29 19:47:53	1	201	1	0
       33	2022-08-29 19:47:55	1	255	1	0
       21	2022-08-29 19:51:09	1	255	1	0
       24	2022-08-29 20:11:21	1	255	1	0
       72	2022-08-29 20:15:01	1	255	1	0
       25	2022-08-29 20:26:10	1	255	1	0
       83	2022-08-29 20:54:21	1	255	1	0
       76	2022-08-29 21:00:36	1	255	1	0
        0	2022-08-29 21:22:39	1	201	1	0
        0	2022-08-29 21:22:45	1	201	1	0
       75	2022-08-29 21:22:51	1	255	1	0
       68	2022-08-29 21:27:34	1	255	1	0
       68	2022-08-29 21:27:35	1	255	1	0
        0	2022-08-29 21:30:35	1	201	1	0
        7	2022-08-29 21:30:42	1	255	1	0
       54	2022-08-29 21:44:28	1	255	1	0
       67	2022-08-29 21:48:25	1	255	1	0
       85	2022-08-29 21:51:45	1	255	1	0
       11	2022-08-29 21:53:40	1	255	1	0
        7	2022-08-29 21:54:27	1	255	1	0
       38	2022-08-29 21:56:13	1	255	1	0
       48	2022-08-29 21:58:50	1	255	1	0
       45	2022-08-29 22:38:12	1	255	1	0
        7	2022-08-29 22:53:05	1	255	1	0
       72	2022-08-29 23:41:02	1	255	1	0
       48	2022-08-30 00:12:10	1	255	1	0
       85	2022-08-30 01:11:30	1	255	1	0
        7	2022-08-30 01:43:42	1	255	1	0
       33	2022-08-30 03:29:04	1	255	1	0
       24	2022-08-30 03:34:46	1	255	1	0
       11	2022-08-30 03:43:04	1	255	1	0
        0	2022-08-30 03:57:58	1	201	1	0
        7	2022-08-30 03:58:03	1	255	1	0
       85	2022-08-30 04:57:01	1	255	1	0
       84	2022-08-30 05:24:40	1	255	1	0
        0	2022-08-30 05:40:54	1	201	1	0
       81	2022-08-30 05:40:57	1	255	1	0
       84	2022-08-30 05:43:41	1	255	1	0
        7	2022-08-30 06:01:41	1	255	1	0
       45	2022-08-30 06:16:29	1	255	1	0
       45	2022-08-30 06:17:12	1	255	1	0
       74	2022-08-30 08:25:42	1	255	1	0
        0	2022-08-30 08:25:56	1	201	1	0
       75	2022-08-30 08:25:59	1	255	1	0
        8	2022-08-30 09:12:09	1	255	1	0
        0	2022-08-30 10:06:14	1	201	1	0
       80	2022-08-30 10:06:17	1	255	1	0
       81	2022-08-30 10:30:33	1	255	1	0
        8	2022-08-30 11:56:29	1	255	1	0
       57	2022-08-30 12:39:35	1	255	1	0
       82	2022-08-30 13:09:30	1	255	1	0
       57	2022-08-30 13:19:58	1	255	1	0
       23	2022-08-30 14:41:43	1	255	1	0
       72	2022-08-30 14:58:44	1	255	1	0
        2	2022-08-30 15:25:28	1	255	1	0
       57	2022-08-30 16:53:22	1	255	1	0
       82	2022-08-30 17:58:48	1	255	1	0
       23	2022-08-30 18:34:21	1	255	1	0
       33	2022-08-30 19:42:37	1	255	1	0
       25	2022-08-30 20:20:41	1	255	1	0
       72	2022-08-30 20:26:30	1	255	1	0
       83	2022-08-30 20:33:45	1	255	1	0
       76	2022-08-30 20:55:40	1	255	1	0
       68	2022-08-30 21:14:55	1	255	1	0
        0	2022-08-30 21:29:58	1	201	1	0
       75	2022-08-30 21:30:00	1	255	1	0
       11	2022-08-30 21:37:44	1	255	1	0
       67	2022-08-30 21:43:36	1	255	1	0
       21	2022-08-30 21:44:22	1	255	1	0
       54	2022-08-30 21:45:05	1	255	1	0
        0	2022-08-30 21:53:27	1	201	1	0
        0	2022-08-30 21:53:29	1	201	1	0
        0	2022-08-30 21:53:33	1	201	1	0
       24	2022-08-30 21:53:37	1	255	1	0
       33	2022-08-30 21:54:08	1	255	1	0
       85	2022-08-30 21:56:28	1	255	1	0
       38	2022-08-30 21:57:49	1	255	1	0
       78	2022-08-30 21:58:16	1	255	1	0
       23	2022-08-30 22:26:01	1	255	1	0
        7	2022-08-30 22:32:26	1	255	1	0
       71	2022-08-30 22:33:35	1	255	3	0
       48	2022-08-30 22:55:31	1	255	1	0
       76	2022-08-31 00:15:15	1	255	1	0
        7	2022-08-31 00:25:56	1	255	1	0
       46	2022-08-31 01:23:37	1	255	1	0
       46	2022-08-31 01:23:38	1	255	1	0
        0	2022-08-31 01:47:23	1	201	1	0
       33	2022-08-31 01:47:26	1	255	1	0
       37	2022-08-31 03:15:50	1	255	1	0
       33	2022-08-31 03:38:33	1	255	1	0
       78	2022-08-31 03:45:06	1	255	1	0
        0	2022-08-31 03:52:33	1	201	1	0
        7	2022-08-31 03:52:39	1	255	1	0
       54	2022-08-31 03:53:04	1	255	1	0
       38	2022-08-31 03:53:32	1	255	1	0
       11	2022-08-31 03:54:24	1	255	1	0
       84	2022-08-31 05:09:07	1	255	1	0
       85	2022-08-31 05:16:59	1	255	1	0
       84	2022-08-31 05:30:54	1	255	1	0
       81	2022-08-31 05:42:55	1	255	1	0
        7	2022-08-31 06:00:52	1	255	1	0
       75	2022-08-31 08:09:02	1	255	1	0
       81	2022-08-31 08:33:27	1	255	1	0
       80	2022-08-31 09:28:08	1	255	1	0
        0	2022-08-31 09:58:04	1	201	1	0
       81	2022-08-31 09:58:07	1	255	1	0
       57	2022-08-31 12:41:31	1	255	1	0
       82	2022-08-31 13:12:39	1	255	1	0
        0	2022-08-31 13:30:21	1	201	1	0
       84	2022-08-31 13:30:23	1	255	1	0
       81	2022-08-31 14:00:28	1	255	1	0
       23	2022-08-31 14:25:10	1	255	1	0
       72	2022-08-31 14:53:10	1	255	1	0
       72	2022-08-31 17:39:14	1	255	1	0
       57	2022-08-31 17:47:28	1	255	1	0
       72	2022-08-31 18:48:55	1	255	1	0
       47	2022-08-31 19:52:04	1	255	1	0
       33	2022-08-31 19:53:41	1	255	1	0
       25	2022-08-31 20:18:16	1	255	1	0
       57	2022-08-31 20:25:36	1	255	1	0
       80	2022-08-31 20:39:55	1	255	1	0
       11	2022-08-31 20:41:14	1	255	1	0
        0	2022-08-31 21:29:00	1	201	1	0
       75	2022-08-31 21:29:53	1	255	1	0
       67	2022-08-31 21:33:38	1	255	1	0
       76	2022-08-31 21:35:56	1	255	1	0
        0	2022-08-31 21:46:22	1	201	1	0
       68	2022-08-31 21:46:24	1	255	1	0
       57	2022-08-31 21:54:56	1	255	1	0
       38	2022-08-31 21:56:25	1	255	1	0
       24	2022-08-31 21:59:30	1	255	1	0
       85	2022-08-31 22:04:12	1	255	1	0
       46	2022-08-31 22:22:06	1	255	1	0
       71	2022-08-31 22:30:53	1	255	3	0
        0	2022-08-31 22:46:06	1	201	1	0
        7	2022-08-31 22:46:13	1	255	1	0
       71	2022-08-31 22:48:54	1	255	3	0
        0	2022-08-31 22:53:56	1	201	1	0
        0	2022-08-31 22:53:59	1	201	1	0
       48	2022-08-31 22:54:03	1	255	1	0
       33	2022-08-31 22:57:20	1	255	1	0
        7	2022-08-31 23:29:35	1	255	1	0
